A* search:
S
(2, 6) (3, 6) (3, 7) (3, 8) (3, 9) (4, 9) (5, 9) (5, 8) (5, 9) (5, 10) (6, 10) (7, 10) (8, 10) (9, 10) (9, 11) (9, 12) (9, 13) (9, 14) (9, 15) (8, 15) (8, 16) (8, 17) (7, 17) (7, 18) (7, 19) (8, 19)
A* search:
None
A* search:
None
A* search:
S
(2, 6) (3, 6) (3, 7) (3, 8) (3, 9) (4, 9) (5, 9) (5, 8) (5, 9) (5, 10) (6, 10) (7, 10) (8, 10) (9, 10) (9, 11) (9, 12) (9, 13) (9, 14) (9, 15) (8, 15) (8, 16) (8, 17) (7, 17) (7, 18) (7, 19) (8, 19)
A* search:
S
(2, 6) (3, 6) (3, 7) (3, 8) (3, 9) (3, 10) (4, 10) (4, 11) (4, 12) (5, 12) (6, 12) (7, 12) (8, 12) (8, 13) (8, 14) (8, 15) (8, 16) (8, 17) (7, 17) (7, 18) (7, 19) (8, 19)
A* search:
S
(2, 6) (3, 6) (3, 7) (3, 8) (3, 9) (3, 10) (4, 10) (4, 11) (4, 12) (5, 12) (6, 12) (7, 12) (8, 12) (8, 13) (8, 14) (8, 15) (8, 16) (8, 17) (7, 17) (7, 18) (7, 19) (8, 19)
A* search:
S
(2, 6) (3, 6) (3, 7) (3, 8) (3, 9) (3, 10) (4, 10) (4, 11) (4, 12) (5, 12) (6, 12) (7, 12) (8, 12) (8, 13) (8, 14) (8, 15) (8, 16) (8, 17) (7, 17) (7, 18) (7, 19) (8, 19)
A* search:
S
(2, 6) (3, 6) (3, 7) (3, 8) (3, 9) (4, 9) (5, 9) (5, 8) (5, 9) (5, 10) (6, 10) (7, 10) (8, 10) (9, 10) (9, 11) (9, 12) (9, 13) (9, 14) (9, 15) (8, 15) (8, 16) (8, 17) (7, 17) (7, 18) (7, 19) (8, 19)
A* search:
S
(2, 6) (3, 6) (3, 7) (3, 8) (3, 9) (4, 9) (5, 9) (5, 8) (5, 9) (5, 10) (6, 10) (7, 10) (8, 10) (9, 10) (9, 11) (9, 12) (9, 13) (9, 14) (9, 15) (8, 15) (8, 16) (8, 17) (7, 17) (7, 18) (7, 19) (8, 19)
A* search:
None
A* search:
S
(2, 6) (3, 6) (3, 7) (3, 8) (3, 9) (4, 9) (5, 9) (5, 8) (5, 9) (5, 10) (6, 10) (7, 10) (8, 10) (9, 10) (9, 11) (9, 12) (9, 13) (9, 14) (9, 15) (8, 15) (8, 16) (8, 17) (7, 17) (7, 18) (7, 19) (8, 19)
A* search:
S
(2, 6) (3, 6) (3, 7) (3, 8) (3, 9) (4, 9) (5, 9) (5, 8) (5, 9) (5, 10) (6, 10) (7, 10) (8, 10) (9, 10) (9, 11) (9, 12) (9, 13) (9, 14) (9, 15) (8, 15) (8, 16) (8, 17) (7, 17) (7, 18) (7, 19) (8, 19)
A* search:
S
(2, 6) (3, 6) (3, 7) (3, 8) (3, 9) (3, 10) (4, 10) (4, 11) (4, 12) (5, 12) (6, 12) (7, 12) (8, 12) (8, 13) (8, 14) (8, 15) (8, 16) (8, 17) (7, 17) (7, 18) (7, 19) (8, 19)
A* search:
S
(2, 6) (3, 6) (3, 7) (3, 8) (3, 9) (3, 10) (3, 11) (3, 12) (4, 12) (5, 12) (6, 12) (7, 12) (8, 12) (8, 13) (8, 14) (8, 15) (8, 16) (8, 17) (7, 17) (7, 18) (7, 19) (8, 19)
A* search:
S
(2, 6) (3, 6) (3, 7) (3, 8) (3, 9) (3, 10) (3, 11) (3, 12) (4, 12) (5, 12) (6, 12) (7, 12) (8, 12) (8, 13) (8, 14) (8, 15) (8, 16) (8, 17) (7, 17) (7, 18) (7, 19) (8, 19)
A* search:
None
A* search:
None
A* search:
S
(2, 6) (3, 6) (3, 7) (3, 8) (3, 9) (3, 10) (3, 11) (3, 12) (4, 12) (5, 12) (6, 12) (7, 12) (8, 12) (8, 13) (8, 14) (8, 15) (8, 16) (8, 17) (7, 17) (7, 18) (7, 19) (8, 19)
A* search:
None
A* search:
None
A* search:
S
(2, 6) (3, 6) (3, 7) (3, 8) (3, 9) (4, 9) (5, 9) (5, 8)
A* search:
S
(2, 6) (3, 6) (3, 7) (3, 8) (3, 9) (4, 9) (5, 9) (5, 8) (5, 7) (6, 7) (7, 7) (8, 7) (9, 7) (9, 8) (9, 9) (9, 10) (9, 11) (9, 12) (9, 13) (9, 14) (9, 15) (8, 15) (8, 16) (8, 17) (7, 17) (7, 18) (7, 19) (8, 19)
A* search:
S
(2, 6) (3, 6) (3, 7) (3, 8) (3, 9) (4, 9) (5, 9) (5, 8) (5, 7) (6, 7) (7, 7) (8, 7) (9, 7) (9, 8) (9, 9) (9, 10) (9, 11) (9, 12) (9, 13) (9, 14) (9, 15) (8, 15) (8, 16) (8, 17) (7, 17) (7, 18) (7, 19) (8, 19)
A* search:
S
(2, 6) (3, 6) (3, 7) (3, 8) (3, 9) (4, 9) (5, 9) (5, 8) (5, 7) (6, 7) (7, 7) (8, 7) (9, 7) (9, 8) (9, 9) (9, 10) (9, 11) (9, 12) (9, 13) (9, 14) (9, 15) (8, 15) (8, 16) (8, 17) (7, 17) (7, 18) (7, 19) (8, 19)
A* search:
None
A* search:
S
(2, 6) (3, 6) (3, 7) (3, 8) (3, 9) (4, 9) (5, 9) (5, 8) (5, 7) (6, 7) (7, 7) (8, 7) (9, 7) (9, 8) (9, 9) (9, 10) (9, 11) (9, 12) (9, 13) (9, 14) (9, 15) (8, 15) (8, 16) (8, 17) (7, 17) (7, 18) (7, 19) (8, 19)
A* search:
None
A* search:
None
A* search:
None
A* search:
None
A* search:
None
A* search:
None
A* search:
S
(2, 6) (3, 6) (3, 7) (3, 8) (3, 9) (4, 9) (5, 9) (5, 8) (5, 7) (6, 7) (7, 7) (8, 7) (9, 7) (9, 8) (9, 9) (9, 10) (9, 11) (9, 12) (9, 13) (9, 14) (9, 15) (8, 15) (8, 16) (8, 17) (7, 17) (7, 18) (7, 19) (8, 19)
A* search:
S
(2, 6) (3, 6) (3, 7) (3, 8) (3, 9) (4, 9) (5, 9) (5, 8) (5, 7) (6, 7) (7, 7) (8, 7) (9, 7) (9, 8) (9, 9) (9, 10) (9, 11) (9, 12) (9, 13) (9, 14) (9, 15) (8, 15) (8, 16) (8, 17) (7, 17) (7, 18) (7, 19) (8, 19)
A* search:
S
(2, 6) (3, 6) (3, 7) (3, 8) (3, 9) (4, 9) (5, 9) (5, 8) (5, 7) (6, 7) (7, 7) (8, 7) (9, 7) (9, 8) (9, 9) (9, 10) (9, 11) (9, 12) (9, 13) (9, 14) (9, 15) (8, 15) (8, 16) (8, 17) (7, 17) (7, 18) (7, 19) (8, 19)
A* search:
None
A* search:
None
A* search:
S
(2, 6) (3, 6) (3, 7) (3, 8) (3, 9) (3, 10) (3, 11) (3, 12) (4, 12) (5, 12) (6, 12) (7, 12) (8, 12) (8, 13) (8, 14) (8, 15) (8, 16) (8, 17) (7, 17) (7, 18) (7, 19) (8, 19)
A* search:
None
A* search:
None
A* search:
None
A* search:
S
(2, 6) (3, 6) (3, 7) (3, 8) (3, 9) (4, 9) (5, 9) (5, 8) (5, 7) (6, 7) (7, 7) (8, 7) (9, 7) (9, 8) (9, 9) (9, 10) (9, 11) (9, 12) (9, 13) (9, 14) (9, 15) (8, 15) (8, 16) (8, 17) (7, 17) (7, 18) (7, 19) (8, 19)
A* search:
S
(2, 6) (3, 6) (3, 7) (3, 8) (3, 9) (3, 10) (3, 11) (3, 12) (4, 12) (5, 12) (6, 12) (7, 12) (8, 12) (8, 13) (9, 13) (9, 14) (9, 15) (8, 15) (8, 16) (8, 17) (7, 17) (7, 18) (7, 19) (8, 19)
A* search:
None
A* search:
None
A* search:
S
(2, 6) (3, 6) (3, 7) (3, 8) (3, 9) (3, 10) (3, 11) (4, 11) (5, 11) (5, 12) (6, 12) (7, 12) (8, 12) (8, 13) (9, 13) (9, 14) (9, 15) (8, 15) (8, 16) (8, 17) (7, 17) (7, 18) (7, 19) (8, 19)
A* search:
S
(2, 6) (3, 6) (3, 7) (3, 8) (3, 9) (4, 9) (5, 9) (5, 8) (5, 9) (5, 10) (6, 10) (7, 10) (8, 10) (9, 10) (9, 11) (9, 12) (9, 13) (9, 14) (9, 15) (8, 15) (8, 16) (8, 17) (7, 17) (7, 18) (7, 19) (8, 19)
A* search:
S
(2, 6) (3, 6) (3, 7) (3, 8) (3, 9) (4, 9) (5, 9) (5, 8) (5, 9) (5, 10) (6, 10) (7, 10) (8, 10) (9, 10) (9, 11) (9, 12) (9, 13) (9, 14) (9, 15) (8, 15) (8, 16) (8, 17) (7, 17) (7, 18) (7, 19) (8, 19)
A* search:
S
(2, 6) (3, 6) (3, 7) (3, 8) (3, 9) (3, 10) (4, 10) (4, 11) (4, 12) (5, 12) (6, 12) (7, 12) (8, 12) (8, 13) (8, 14) (8, 15) (8, 16) (8, 17) (7, 17) (7, 18) (7, 19) (8, 19)
A* search:
S
(2, 6) (3, 6) (3, 7) (3, 8) (3, 9) (4, 9) (5, 9) (5, 8) (5, 9) (5, 10) (6, 10) (7, 10) (8, 10) (9, 10) (9, 11) (9, 12) (9, 13) (9, 14) (9, 15) (8, 15) (8, 16) (8, 17) (7, 17) (7, 18) (7, 19) (8, 19)
A* search:
S
(2, 6) (3, 6) (3, 7) (3, 8) (3, 9) (3, 10) (4, 10) (4, 11) (4, 12) (5, 12) (6, 12) (7, 12) (8, 12) (8, 13) (8, 14) (8, 15) (8, 16) (8, 17) (7, 17) (7, 18) (7, 19) (8, 19)
A* search:
S
(2, 6) (3, 6) (3, 7) (3, 8) (3, 9) (3, 10) (4, 10) (4, 11) (4, 12) (5, 12) (6, 12) (7, 12) (8, 12) (8, 13) (8, 14) (8, 15) (8, 16) (8, 17) (7, 17) (7, 18) (7, 19) (8, 19)
A* search:
S
(2, 6) (3, 6) (3, 7) (3, 8) (3, 9) (4, 9) (5, 9) (5, 8) (5, 9) (5, 10) (6, 10) (7, 10) (8, 10) (9, 10) (9, 11) (9, 12) (9, 13) (9, 14) (9, 15) (8, 15) (8, 16) (8, 17) (7, 17) (7, 18) (7, 19) (8, 19)
A* search:
S
(2, 6) (3, 6) (3, 7) (3, 8) (3, 9) (4, 9) (5, 9) (5, 8) (5, 9) (5, 10) (6, 10) (7, 10) (8, 10) (9, 10) (9, 11) (9, 12) (9, 13) (9, 14) (9, 15) (8, 15) (8, 16) (8, 17) (7, 17) (7, 18) (7, 19) (8, 19)
A* search:
S
(2, 6) (3, 6) (3, 7) (3, 8) (3, 9) (4, 9) (5, 9) (5, 8) (5, 9) (5, 10) (6, 10) (7, 10) (8, 10) (9, 10) (9, 11) (9, 12) (9, 13) (9, 14) (9, 15) (8, 15) (8, 16) (8, 17) (7, 17) (7, 18) (7, 19) (8, 19)
A* search:
S
(2, 6) (3, 6) (3, 7) (3, 8) (3, 9) (3, 10) (4, 10) (4, 11) (4, 12) (5, 12) (6, 12) (7, 12) (8, 12) (8, 13) (8, 14) (8, 15) (8, 16) (8, 17) (7, 17) (7, 18) (7, 19) (8, 19)
A* search:
S
(2, 6) (3, 6) (3, 7) (3, 8) (3, 9) (3, 10) (4, 10) (4, 11) (4, 12) (5, 12) (6, 12) (7, 12) (8, 12) (8, 13) (8, 14) (8, 15) (8, 16) (8, 17) (7, 17) (7, 18) (7, 19) (8, 19)
A* search:
S
(2, 6) (3, 6) (3, 7) (3, 8) (3, 9) (4, 9) (5, 9) (5, 8) (5, 9) (5, 10) (6, 10) (7, 10) (8, 10) (9, 10) (9, 11) (9, 12) (9, 13) (9, 14) (9, 15) (8, 15) (8, 16) (8, 17) (7, 17) (7, 18) (7, 19) (8, 19)
