A* search:
S
(0, 0) (0, 1) (0, 2) (0, 3) (0, 4) (0, 5) (0, 6) (0, 7) (1, 7) (1, 8) (1, 9) (1, 10) (1, 11) (1, 12) (2, 12) (3, 12) (3, 13) (3, 14) (4, 14) (5, 14) (5, 15) (5, 16) (6, 16) (6, 17) (6, 18) (6, 19) (6, 20) (7, 20) (8, 20) (9, 20)
IDS:
S
(0, 0) (0, 1) (0, 2) (0, 3) (0, 4) (0, 5) (0, 6) (0, 7) (1, 7) (1, 8) (1, 9) (1, 10) (1, 11) (1, 12) (2, 12) (3, 12) (3, 13) (3, 14) (4, 14) (5, 14) (5, 15) (5, 16) (6, 16) (6, 17) (6, 18) (6, 19) (6, 20) (7, 20) (8, 20) (9, 20)
DFS:
S
(0, 0) (0, 1) (0, 2) (0, 3) (0, 4) (0, 5) (0, 6) (0, 7) (1, 7) (1, 8) (1, 9) (1, 10) (1, 11) (1, 12) (2, 12) (3, 12) (3, 13) (3, 14) (4, 14) (5, 14) (5, 15) (5, 16) (6, 16) (6, 17) (6, 18) (6, 19) (6, 20) (7, 20) (8, 20) (9, 20)
DFS:
S
(0, 0) (1, 0) (2, 0) (3, 0) (4, 0) (5, 0) (5, 1) (5, 2) (4, 2) (3, 2) (2, 2) (2, 3) (1, 3) (0, 3) (0, 4) (0, 5) (0, 6) (1, 6) (2, 6) (3, 6) (3, 7) (3, 8) (3, 9) (2, 9) (1, 9) (1, 10) (0, 10) (0, 11) (1, 11) (2, 11) (3, 11) (4, 11) (5, 11) (6, 11) (7, 11) (8, 11) (9, 11) (9, 12) (8, 12) (7, 12) (6, 12) (5, 12) (4, 12) (3, 12) (2, 12) (1, 12) (0, 12) (0, 13) (0, 14) (0, 15) (1, 15) (2, 15) (3, 15) (3, 14) (4, 14) (5, 14) (5, 15) (6, 15) (6, 16) (5, 16) (4, 16) (4, 17) (3, 17) (2, 17) (1, 17) (0, 17) (0, 18) (1, 18) (2, 18) (3, 18) (4, 18) (5, 18) (6, 18) (7, 18) (7, 17) (8, 17) (9, 17) (9, 18) (9, 19) (8, 19) (7, 19) (6, 19) (6, 20) (7, 20) (8, 20) (9, 20)
A* search:
S
(0, 0) (0, 1) (0, 2) (0, 3) (0, 4) (0, 5) (0, 6) (0, 7) (1, 7) (1, 8) (1, 9) (1, 10) (1, 11) (1, 12) (2, 12) (3, 12) (3, 13) (3, 14) (4, 14) (5, 14) (5, 15) (5, 16) (6, 16) (6, 17) (6, 18) (6, 19) (6, 20) (7, 20) (8, 20) (9, 20)
A* search:
S
(0, 0) (0, 1) (0, 2) (0, 3) (0, 4) (0, 5) (0, 6) (0, 7) (1, 7) (1, 8) (1, 9) (1, 10) (1, 11) (1, 12) (2, 12) (3, 12) (3, 13) (3, 14) (4, 14) (5, 14) (5, 15) (5, 16) (6, 16) (6, 17) (6, 18) (6, 19) (6, 20) (7, 20) (8, 20) (9, 20)
DFS:
None
A* search:
None
BFS:
None
GBFS:
None
A* search:
None
IDS:
None
