IDS:
S
(0, 0) (1, 0) (2, 0) (3, 0) (4, 0) (5, 0) (5, 1) (5, 2) (4, 2) (3, 2) (2, 2) (2, 3) (1, 3) (0, 3) (0, 4) (0, 5) (0, 6) (1, 6) (2, 6) (3, 6) (3, 7) (3, 8) (3, 9) (2, 9) (1, 9) (1, 10) (0, 10) (0, 11) (1, 11) (2, 11) (3, 11) (4, 11) (5, 11) (6, 11) (7, 11) (8, 11) (9, 11) (9, 12) (8, 12) (8, 13) (9, 13) (9, 14) (8, 14) (8, 15) (8, 16) (8, 17) (9, 17) (9, 18) (9, 19) (9, 20)
BFS:
S
(0, 0) (0, 1) (0, 2) (0, 3) (0, 4) (0, 5) (0, 6) (1, 6) (2, 6) (3, 6) (3, 7) (3, 8) (3, 9) (4, 9) (5, 9) (6, 9) (7, 9) (8, 9) (8, 10) (8, 11) (8, 12) (8, 13) (8, 14) (8, 15) (8, 16) (8, 17) (9, 17) (9, 18) (9, 19) (9, 20)
A* search:
S
(1, 1) (1, 2) (1, 3) (1, 4) (1, 5) (2, 5) (3, 5) (4, 5) (5, 5) (6, 5) (7, 5) (7, 6) (7, 7) (7, 8)
A* search:
S
(1, 1) (1, 2) (1, 3) (1, 4) (1, 5) (2, 5) (3, 5) (4, 5) (5, 5) (6, 5) (7, 5) (7, 6) (7, 7) (7, 8)
IDS:
S
(1, 1) (0, 1) (0, 2) (1, 2) (1, 3) (1, 4) (1, 5) (2, 5) (3, 5) (4, 5) (5, 5) (6, 5) (7, 5) (7, 6) (7, 7) (7, 8)
